Region_1 0.0 0.0 -0.015 3.9 2.0 0.01
Region_2 -1.2 1.5 -0.015 0.5 0.1 0.01
Region_3 -0.74 1.9 -0.015 0.5 0.1 0.01
Region_4 -1.08 2.3 -0.015 0.5 0.1 0.01
Region_5 -0.62 2.7 -0.015 0.5 0.1 0.01
Region_6 -0.96 3.3 -0.015 0.5 0.1 0.01
Region_7 -0.5 3.7 -0.015 0.5 0.1 0.01
Region_8 -0.84 4.1 -0.015 0.5 0.1 0.01
Region_9 -0.38 4.5 -0.015 0.5 0.1 0.01
Region_10 -0.72 4.9 -0.015 0.5 0.1 0.01
Region_11 -0.26 5.5 -0.015 0.5 0.1 0.01
Region_12 -0.6 5.9 -0.015 0.5 0.1 0.01
Region_13 -0.14 6.3 -0.015 0.5 0.1 0.01
Region_14 -0.48 6.7 -0.015 0.5 0.1 0.01
Region_15 -0.02 7.1 -0.015 0.5 0.1 0.01
Region_20 0.0 8.0 -0.015 3.9 2.0 0.01
