Region_1 0.0 0.0 -0.015 3.9 2.0 1.0
Region_2 0.0 1.5 -0.015 2.5 0.1 1.0
Region_3 0.0 1.9 -0.015 2.5 0.1 1.0
Region_4 0.0 2.3 -0.015 2.5 0.1 1.0
Region_5 0.0 2.7 -0.015 2.5 0.1 1.0
Region_6 0.0 3.1 -0.015 2.5 0.1 1.0
Region_7 0.0 3.5 -0.015 2.5 0.1 1.0
Region_8 0.0 3.9 -0.015 2.5 0.1 1.0
Region_9 0.0 4.3 -0.015 2.5 0.1 1.0
Region_10 0.0 4.7 -0.015 2.5 0.1 1.0
Region_11 0.0 5.1 -0.015 2.5 0.1 1.0
Region_12 0.0 5.5 -0.015 2.5 0.1 1.0
Region_13 0.0 5.9 -0.015 2.5 0.1 1.0
Region_14 0.0 6.3 -0.015 2.5 0.1 1.0
Region_15 0.0 6.7 -0.015 2.5 0.1 1.0
Region_20 0.0 8.0 -0.015 3.9 2.0 1.0
