Region_1 0.0 0.0 -0.015 3.9 2.0 0.01
Region_2 0.0 1.5 -0.015 2.5 0.1 0.01
Region_3 0.0 1.9 -0.015 2.5 0.1 0.01
Region_4 0.0 2.3 -0.015 2.5 0.1 0.01
Region_5 0.0 2.7 -0.015 2.5 0.1 0.01
Region_6 0.0 3.3 -0.015 2.5 0.1 0.01
Region_7 0.0 3.7 -0.015 2.5 0.1 0.01
Region_8 0.0 4.1 -0.015 2.5 0.1 0.01
Region_9 0.0 4.5 -0.015 2.5 0.1 0.01
Region_10 0.0 4.9 -0.015 2.5 0.1 0.01
Region_11 0.0 5.5 -0.015 2.5 0.1 0.01
Region_12 0.0 5.9 -0.015 2.5 0.1 0.01
Region_13 0.0 6.3 -0.015 2.5 0.1 0.01
Region_14 0.0 6.7 -0.015 2.5 0.1 0.01
Region_15 0.0 7.1 -0.015 2.5 0.1 0.01
Region_20 0.0 8.0 -0.015 3.9 2.0 0.01
